黒
00
00

じわじわ
04 05 15 41 42 43 44
01 02 03 04 05 06 07

グラデ
11 18 
08 09

木目
45 46 47 48 51 52 53
10 11 12 13 14 15 16

渦重ね
36 37
17 18

波重ね
17 26 27 28
19 20 21 22

渦
08 57 58 77 78 79
23 24 25 26 27 28

波紋拡大
02 03 65 66 67
29 30 31 32 33

円点滅
07 29 30 33 34 35 80
34 35 36 37 38 39 40

全点滅
06 94
41 42

ストライプ
01 19 22 23 24 25 56 63 72
43 44 45 46 47 48 49 50 51

波ストライプ
68 69 70 71 73 93
52 53 54 55 56 57

回転ストライプ
74 75 76 81 82 83 84 85 86
58 59 60 61 62 63 64 65 66

チェック
09 10 20 21 64 100
67 68 69 70 71 72

メタボール
31 32 38 39 40 49 50
73 74 75 76 77 78 79

モザイク
12 13 14
80 81 82

チェック3D
95 96 97 98
83 84 85 86

フラッシュ
16 54 55
87 88 89

光源
59 60 61 62
90 91 92 93

円組み合わせ
87 88 89 90 99
94 95 96 97 98

細胞
91 92
99 100

