2211088
2211125
2311001
2311002
2311003
2311004
2311005
2311006
2311007
2311008
2311009
2311010
2311011
2311012
2311013
2311014
2311015
2311016
2311017
2311018
2311019
2311021
2311022
2311023
2311024
2311025
2311026
2311027
2311028
2311029
2311030
2311031
2311032
2311033
2311034
2311035
2311036
2311039
2311040
2311041
2311042
2311043
2311044
2311045
2311046
2311047
2311048
2311049
2311050
2311051
2311052
2311053
2311054
2311055
2311056
2311057
2311058
2311059
2311062
2311063
2311064
2311065
2311066
2311067
2311068
2311069
2311070
2311071
2311073
2311074
2311075
2311076
2311077
2311078
2311079
2311080
2311081
2311082
2311083
2311084
2311086
2311087
2311089
2311090
2311091
2311092
2311093
2311094
2311095
2311096
2311097
2311098
2311099
2311100
2311101
2311102
2311103
2311104
2311105
2311106
2311107
2311109
2311110
2311112
2311113
2311114
2311115
2311116
2311117
2311118
2311119
2311120
2311121
2311122
2311123
2311124
2311125
2311126
2311127
2311128
2311129
2311130
2311132
2311133
2311134
2311135
2311136
2311137
2311138
2311139
2311140
2311141
2311142
2311143
2311144
2311145
2311146
2311147
2311148
2311149
2311150
2311151
2311152